No of pattern=20
No of Input=2
No of Hidden Neuron=3
No of Output neuron=2

Printing Wjk updated values
W[0][1]= 0.031551
W[0][2]= 0.873847
W[1][1]= 0.122199
W[1][2]= 0.0109393
W[2][1]= -0.905686
W[2][2]= 1.4575
W[3][1]= 0.994801
W[3][2]= 0.529648

Printing Vij updated values
V[0][1]= -0.666623
V[0][2]= 0.909854
V[0][3]= 1.00117
V[1][1]= -0.992897
V[1][2]= 1.10629
V[1][3]= 0.484789
V[2][1]= -0.999779
V[2][2]= -0.86558
V[2][3]= -0.802992


	           					 Training Data 

Pattrern		Input 1	Input 2		Target 1		Output 1		Target 2	Output 2
1			120		0.19867		503.81		510.026		2705.9		2691.45		
2			121		0.20505		508.06		513.092		2707.4		2691.06		
3			122		0.21159		512.31		516.226		2708.8		2690.68		
4			123		0.2183		516.56		519.429		2710.3		2690.32		
5			124		0.22518		520.82		522.701		2711.7		2689.99		
6			125		0.23224		525.07		526.042		2713.1		2689.69		
7			126		0.23947		529.33		529.453		2714.5		2689.41		
8			127		0.24689		533.59		532.933		2715.9		2689.16		
9			128		0.2545		537.85		536.484		2717.3		2688.95		
10			129		0.26229		542.12		540.105		2718.7		2688.77		
11			130		0.27028		546.38		543.796		2720.1		2688.62		
12			131		0.27846		550.65		547.558		2721.5		2688.5		
13			132		0.28685		554.92		551.39		2722.8		2688.43		
14			133		0.29543		559.19		555.29		2724.2		2688.39		
15			134		0.30423		563.47		559.259		2725.5		2688.39		

		       				 TESTING  DATA

Pattrern		Input 1	Input 2		Target 1		Output 1		Target 2		Output 2
15			134		0.30423		563.47		559.264		2725.5		2688.4		
16			135		0.31323		567.74		563.298		2726.9		2688.44		
17			136		0.32245		572.02		567.394		2728.2		2688.52		
18			137		0.33188		576.3			571.546		2729.5		2688.65		
19			138		0.34154		580.59		575.75		2730.8		2688.81		
20			139		0.35143		584.87		579.997		2732.1		2689.01		

Error in prediction for learning rate=0.2and number of hidden neuron=3 is 0.000137763